antecedents,consequents,antecedent support,consequent support,support,confidence,lift,representativity,leverage,conviction,zhangs_metric,jaccard,certainty,kulczynski
frozenset({'workpiece_slice_geometry_180x180'}),frozenset({'doc_requirement_DOC 34028-2016'}),0.8681057931593263,0.7953006539730308,0.793853810984432,0.9144666666666666,1.149837689807403,1.0,0.10344870596704303,2.3932113721001844,0.9880042390140337,0.9129450915141433,0.5821514089152765,0.956323713190705
frozenset({'doc_requirement_DOC 34028-2016'}),frozenset({'workpiece_slice_geometry_180x180'}),0.7953006539730308,0.8681057931593263,0.793853810984432,0.9981807597147432,1.1498376898074032,1.0,0.10344870596704303,72.49960761618384,0.6366021093336112,0.9129450915141433,0.9862068219004158,0.956323713190705
"frozenset({'residuals_grab2, tonn_4.0', 'workpiece_slice_geometry_180x180'})",frozenset({'doc_requirement_DOC 34028-2016'}),0.8456507899762717,0.7953006539730308,0.774466114937207,0.9158226115521488,1.1515426360798704,1.0,0.10191948863626787,2.431761661907374,0.8526099646302241,0.8938017632914774,0.5887754891177777,0.9448127757222249
"frozenset({'residuals_grab2, tonn_4.0', 'doc_requirement_DOC 34028-2016'})",frozenset({'workpiece_slice_geometry_180x180'}),0.7756235893280862,0.8681057931593263,0.774466114937207,0.9985076854200864,1.1502142864249114,1.0,0.10114278373046515,88.38230800392559,0.5820432876796184,0.8909454061251664,0.9886855183737046,0.9453205093767099
"frozenset({'workpiece_slice_geometry_180x180', 'doc_requirement_DOC 34028-2016'})","frozenset({'residuals_grab2, tonn_4.0'})",0.793853810984432,0.9745355634006597,0.774466114937207,0.9755777502369322,1.001069418988298,1.0,0.0008273439917326764,1.0426736621885044,0.005182130982721183,0.7792011179690228,0.040927150781707895,0.8851402617803819
"frozenset({'residuals_grab2, tonn_4.0'})","frozenset({'workpiece_slice_geometry_180x180', 'doc_requirement_DOC 34028-2016'})",0.9745355634006597,0.793853810984432,0.774466114937207,0.7947027733238315,1.001069418988298,1.0,0.0008273439917326764,1.0041352840130602,0.04195170581921097,0.7792011179690228,0.004118253863696018,0.8851402617803819
frozenset({'workpiece_slice_geometry_180x180'}),"frozenset({'residuals_grab2, tonn_4.0', 'doc_requirement_DOC 34028-2016'})",0.8681057931593263,0.7756235893280862,0.774466114937207,0.8921333333333333,1.1502142864249116,1.0,0.10114278373046515,2.080127416612304,0.9901631532838437,0.8909454061251664,0.5192602183819103,0.9453205093767099
frozenset({'doc_requirement_DOC 34028-2016'}),"frozenset({'residuals_grab2, tonn_4.0', 'workpiece_slice_geometry_180x180'})",0.7953006539730308,0.8456507899762717,0.774466114937207,0.9738029398923009,1.1515426360798706,1.0,0.10191948863626787,5.891852344850196,0.6428925008959028,0.8938017632914774,0.8302740901383832,0.9448127757222249
"frozenset({'alloy_speed, meter/minute_2.0', 'workpiece_slice_geometry_180x180'})",frozenset({'doc_requirement_DOC 34028-2016'}),0.8652121071821286,0.7953006539730308,0.7923490942762892,0.9157859531772575,1.1514965423482633,1.0,0.10424533960895821,2.4307031160470127,0.9760885061154245,0.9126724885007667,0.5885964051314201,0.9560373514976668
"frozenset({'alloy_speed, meter/minute_2.0', 'doc_requirement_DOC 34028-2016'})",frozenset({'workpiece_slice_geometry_180x180'}),0.7928120840326408,0.8681057931593263,0.7923490942762892,0.9994160157675743,1.1512606224298612,1.0,0.10410433124083507,225.852342438819,0.634143887698521,0.9122468017057571,0.99557232841067,0.9560746745504538
"frozenset({'workpiece_slice_geometry_180x180', 'doc_requirement_DOC 34028-2016'})","frozenset({'alloy_speed, meter/minute_2.0'})",0.793853810984432,0.8727935644423868,0.7923490942762892,0.9981045418094336,1.1435745890806448,1.0,0.09947859694101402,67.1111798670718,0.6090287225414088,0.9062686171973258,0.9850993530141965,0.9529677937480296
"frozenset({'alloy_speed, meter/minute_2.0'})","frozenset({'workpiece_slice_geometry_180x180', 'doc_requirement_DOC 34028-2016'})",0.8727935644423868,0.793853810984432,0.7923490942762892,0.9078310456866255,1.1435745890806446,1.0,0.09947859694101402,2.2366119975135113,0.9869701135998631,0.9062686171973258,0.552895182037957,0.9529677937480296
frozenset({'workpiece_slice_geometry_180x180'}),"frozenset({'alloy_speed, meter/minute_2.0', 'doc_requirement_DOC 34028-2016'})",0.8681057931593263,0.7928120840326408,0.7923490942762892,0.9127333333333334,1.1512606224298612,1.0,0.10410433124083507,2.3741930783119862,0.996154066678677,0.9122468017057571,0.57880426443203,0.9560746745504538
frozenset({'doc_requirement_DOC 34028-2016'}),"frozenset({'alloy_speed, meter/minute_2.0', 'workpiece_slice_geometry_180x180'})",0.7953006539730308,0.8652121071821286,0.7923490942762892,0.996288749818076,1.1514965423482633,1.0,0.10424533960895821,36.31872986476893,0.6427226832747592,0.9126724885007667,0.9724659974695301,0.9560373514976668
"frozenset({'workpiece_slice_geometry_180x180', 'slag_weight_close_grab1, tonn_1.8'})",frozenset({'doc_requirement_DOC 34028-2016'}),0.8681057931593263,0.7953006539730308,0.793853810984432,0.9144666666666666,1.149837689807403,1.0,0.10344870596704303,2.3932113721001844,0.9880042390140337,0.9129450915141433,0.5821514089152765,0.956323713190705
"frozenset({'workpiece_slice_geometry_180x180', 'doc_requirement_DOC 34028-2016'})","frozenset({'slag_weight_close_grab1, tonn_1.8'})",0.793853810984432,1.0,0.793853810984432,1.0,1.0,1.0,0.0,inf,0.0,0.793853810984432,0.0,0.896926905492216
"frozenset({'slag_weight_close_grab1, tonn_1.8', 'doc_requirement_DOC 34028-2016'})",frozenset({'workpiece_slice_geometry_180x180'}),0.7953006539730308,0.8681057931593263,0.793853810984432,0.9981807597147432,1.1498376898074032,1.0,0.10344870596704303,72.49960761618384,0.6366021093336112,0.9129450915141433,0.9862068219004158,0.956323713190705
frozenset({'workpiece_slice_geometry_180x180'}),"frozenset({'slag_weight_close_grab1, tonn_1.8', 'doc_requirement_DOC 34028-2016'})",0.8681057931593263,0.7953006539730308,0.793853810984432,0.9144666666666666,1.149837689807403,1.0,0.10344870596704303,2.3932113721001844,0.9880042390140337,0.9129450915141433,0.5821514089152765,0.956323713190705
"frozenset({'slag_weight_close_grab1, tonn_1.8'})","frozenset({'workpiece_slice_geometry_180x180', 'doc_requirement_DOC 34028-2016'})",1.0,0.793853810984432,0.793853810984432,0.793853810984432,1.0,1.0,0.0,1.0,0.0,0.793853810984432,0.0,0.896926905492216
frozenset({'doc_requirement_DOC 34028-2016'}),"frozenset({'workpiece_slice_geometry_180x180', 'slag_weight_close_grab1, tonn_1.8'})",0.7953006539730308,0.8681057931593263,0.793853810984432,0.9981807597147432,1.1498376898074032,1.0,0.10344870596704303,72.49960761618384,0.6366021093336112,0.9129450915141433,0.9862068219004158,0.956323713190705
"frozenset({'workpiece_slice_geometry_180x180', 'kind_B 789/BC'})",frozenset({'doc_requirement_DOC 34028-2016'}),0.8678164245616066,0.7953006539730308,0.7935644423867122,0.9144381460486829,1.149801828378343,1.0,0.10338947240432905,2.3924136349761516,0.9856361513404595,0.9126123128119801,0.5820120796084794,0.9561275288531873
"frozenset({'workpiece_slice_geometry_180x180', 'doc_requirement_DOC 34028-2016'})",frozenset({'kind_B 789/BC'}),0.793853810984432,0.9997106314022802,0.7935644423867122,0.9996354888095065,0.9999248356570257,1.0,-5.9652233640683505e-05,0.7938538109844875,-0.000364511190493382,0.7935644423867123,-0.2596777721075157,0.8967148151469091
"frozenset({'kind_B 789/BC', 'doc_requirement_DOC 34028-2016'})",frozenset({'workpiece_slice_geometry_180x180'}),0.7950112853753111,0.8681057931593263,0.7935644423867122,0.9981800975467715,1.1498369270340443,1.0,0.1034105399253622,72.47322877481385,0.6357006470775431,0.9126123128119801,0.9862018014526831,0.9561567154400524
frozenset({'workpiece_slice_geometry_180x180'}),"frozenset({'kind_B 789/BC', 'doc_requirement_DOC 34028-2016'})",0.8681057931593263,0.7950112853753111,0.7935644423867122,0.9141333333333334,1.1498369270340443,1.0,0.1034105399253622,2.387290931188148,0.9879998648304771,0.9126123128119801,0.5811151515151516,0.9561567154400524
frozenset({'kind_B 789/BC'}),"frozenset({'workpiece_slice_geometry_180x180', 'doc_requirement_DOC 34028-2016'})",0.9997106314022802,0.793853810984432,0.7935644423867122,0.7937941414843117,0.9999248356570257,1.0,-5.9652233640683505e-05,0.9997106314022803,-0.2062058585155949,0.7935644423867123,-0.00028945235614206164,0.8967148151469091
frozenset({'doc_requirement_DOC 34028-2016'}),"frozenset({'workpiece_slice_geometry_180x180', 'kind_B 789/BC'})",0.7953006539730308,0.8678164245616066,0.7935644423867122,0.9978169116576917,1.149801828378343,1.0,0.10338947240432905,60.548889789145626,0.6364695984341558,0.9126123128119801,0.9834844205487105,0.9561275288531873
"frozenset({'workpiece_slice_geometry_180x180', 'alloy_type_open'})",frozenset({'doc_requirement_DOC 34028-2016'}),0.8660802129752879,0.7953006539730308,0.7932172000694485,0.915870364183094,1.1516026795750023,1.0,0.10442304029710014,2.4331419486049217,0.9830134516411502,0.9136724218385442,0.589008770913113,0.956625329086162
"frozenset({'workpiece_slice_geometry_180x180', 'doc_requirement_DOC 34028-2016'})",frozenset({'alloy_type_open'}),0.793853810984432,0.989698477921176,0.7932172000694485,0.9991980753809142,1.009598476376049,1.0,0.007541291646231185,12.845998032293695,0.04611883236913984,0.800958391771856,0.9221547444203176,0.9003358367080585
"frozenset({'alloy_type_open', 'doc_requirement_DOC 34028-2016'})",frozenset({'workpiece_slice_geometry_180x180'}),0.7944325481798715,0.8681057931593263,0.7932172000694485,0.998470168281489,1.1501710691823899,1.0,0.1035657027201764,86.21484653818754,0.6351400238338443,0.9124558950802212,0.9884010696515354,0.9561017508074112
frozenset({'workpiece_slice_geometry_180x180'}),"frozenset({'alloy_type_open', 'doc_requirement_DOC 34028-2016'})",0.8681057931593263,0.7944325481798715,0.7932172000694485,0.9137333333333334,1.15017106918239,1.0,0.1035657027201764,2.3829302761220474,0.9899154737419108,0.9124558950802212,0.5803486111111115,0.9561017508074112
frozenset({'alloy_type_open'}),"frozenset({'workpiece_slice_geometry_180x180', 'doc_requirement_DOC 34028-2016'})",0.989698477921176,0.793853810984432,0.7932172000694485,0.8014735980352027,1.0095984763760493,1.0,0.007541291646231185,1.0383817314742945,0.9228948365105445,0.800958391771856,0.03696302651607723,0.9003358367080585
frozenset({'doc_requirement_DOC 34028-2016'}),"frozenset({'workpiece_slice_geometry_180x180', 'alloy_type_open'})",0.7953006539730308,0.8660802129752879,0.7932172000694485,0.9973802939892301,1.151602679575002,1.0,0.10442304029710014,51.12015870260017,0.6431136915741084,0.9136724218385442,0.9804382453932183,0.956625329086162
"frozenset({'workpiece_slice_geometry_180x180', 'metal_residue_grab1, tonn_0.4'})",frozenset({'doc_requirement_DOC 34028-2016'}),0.8674691822443429,0.7953006539730308,0.7932172000694485,0.9144038961905397,1.149758763082254,1.0,0.10331839212907235,2.391456350427312,0.9828078991319269,0.9122129783693844,0.5818447617405531,0.9558920950898849
"frozenset({'workpiece_slice_geometry_180x180', 'doc_requirement_DOC 34028-2016'})","frozenset({'metal_residue_grab1, tonn_0.4'})",0.793853810984432,0.9993633890850165,0.7932172000694485,0.9991980753809142,0.9998345809883493,1.0,-0.00013123491400957032,0.7938538109843881,-0.0008019246190858474,0.7932172000694486,-0.2596777721076733,0.896460283926269
"frozenset({'metal_residue_grab1, tonn_0.4', 'doc_requirement_DOC 34028-2016'})",frozenset({'workpiece_slice_geometry_180x180'}),0.7946640430580474,0.8681057931593263,0.7932172000694485,0.9981793023086447,1.1498360109727381,1.0,0.10336474067534518,72.44157416517314,0.6346222434697663,0.9122129783693844,0.9861957720891057,0.9559563178209891
frozenset({'workpiece_slice_geometry_180x180'}),"frozenset({'metal_residue_grab1, tonn_0.4', 'doc_requirement_DOC 34028-2016'})",0.8681057931593263,0.7946640430580474,0.7932172000694485,0.9137333333333334,1.1498360109727381,1.0,0.10336474067534518,2.380246796081369,0.9879946115975121,0.9122129783693844,0.5798754979331081,0.9559563178209891
"frozenset({'metal_residue_grab1, tonn_0.4'})","frozenset({'workpiece_slice_geometry_180x180', 'doc_requirement_DOC 34028-2016'})",0.9993633890850165,0.793853810984432,0.7932172000694485,0.7937224924716239,0.9998345809883494,1.0,-0.00013123491400957032,0.9993633890850167,-0.20627750752840182,0.7932172000694486,-0.0006370164466062653,0.896460283926269
frozenset({'doc_requirement_DOC 34028-2016'}),"frozenset({'workpiece_slice_geometry_180x180', 'metal_residue_grab1, tonn_0.4'})",0.7953006539730308,0.8674691822443429,0.7932172000694485,0.9973802939892301,1.149758763082254,1.0,0.10331839212907235,50.589958266618126,0.636310457735966,0.9122129783693844,0.9802332313711385,0.9558920950898849
"frozenset({'steel_weight, tonn_Low'})",frozenset({'workpiece_slice_geometry_180x180'}),0.45291972915099254,0.8681057931593263,0.4179061288268997,0.9226935854842832,1.0628814975721952,1.0,0.024723888114770054,1.7061224177439867,0.1081401520680166,0.46273630246715797,0.4138755873553877,0.7020467927421415
"frozenset({'steel_weight, tonn_Low', 'workpiece_slice_geometry_180x180'})",frozenset({'doc_requirement_DOC 34028-2016'}),0.4179061288268997,0.7953006539730308,0.3806933271601366,0.9109541614734802,1.1454211145466646,1.0,0.04833230960476559,2.2988086744335074,0.2181068259552184,0.45728189085853316,0.5649920712751666,0.6948163326651349
"frozenset({'steel_weight, tonn_Low', 'doc_requirement_DOC 34028-2016'})",frozenset({'workpiece_slice_geometry_180x180'}),0.38127206435557615,0.8681057931593263,0.3806933271601366,0.9984820886460231,1.150184800647642,1.0,0.049708839323245435,86.891903466635,0.2110370139675569,0.4382411725516322,0.9884914478782941,0.7185077109896782
"frozenset({'steel_weight, tonn_Low'})","frozenset({'workpiece_slice_geometry_180x180', 'doc_requirement_DOC 34028-2016'})",0.45291972915099254,0.793853810984432,0.3806933271601366,0.8405315614617941,1.058798924728318,1.0,0.021141274103584462,1.2927083936184585,0.10150906774476946,0.4395589709321751,0.22643033422188094,0.660041241837553
"frozenset({'steel_weight, tonn_Low', 'workpiece_slice_geometry_180x180'})","frozenset({'crystallizer_movement, mm_Low'})",0.4179061288268997,0.6223161062561491,0.280919034666358,0.6722060656418778,1.0801681956873437,1.0,0.02084931979422111,1.152199153664701,0.12750220537938026,0.36996951219512186,0.1320944848645428,0.5618074873917563
"frozenset({'steel_weight, tonn_Low', 'crystallizer_movement, mm_Low'})",frozenset({'workpiece_slice_geometry_180x180'}),0.28624341686440186,0.8681057931593263,0.280919034666358,0.9813991103922362,1.1305063485644966,1.0,0.03242946623265072,7.09074725036926,0.16173667340289258,0.32162735223959704,0.8589711401787838,0.6524995551961181
"frozenset({'steel_weight, tonn_Low'})","frozenset({'workpiece_slice_geometry_180x180', 'crystallizer_movement, mm_Low'})",0.45291972915099254,0.6114937207014295,0.280919034666358,0.6202402248913876,1.0143035061421812,1.0,0.003961464308733842,1.0230316762417941,0.025776475038760842,0.358546314078889,0.02251316041982524,0.5398191470851033
"frozenset({'steel_weight, tonn_Low', 'workpiece_slice_geometry_180x180'})","frozenset({'slag_weight_close_grab1, tonn_1.8'})",0.4179061288268997,1.0,0.4179061288268997,1.0,1.0,1.0,0.0,inf,0.0,0.4179061288268997,0.0,0.7089530644134499
"frozenset({'steel_weight, tonn_Low', 'slag_weight_close_grab1, tonn_1.8'})",frozenset({'workpiece_slice_geometry_180x180'}),0.45291972915099254,0.8681057931593263,0.4179061288268997,0.9226935854842832,1.0628814975721952,1.0,0.024723888114770054,1.7061224177439867,0.1081401520680166,0.46273630246715797,0.4138755873553877,0.7020467927421415
"frozenset({'steel_weight, tonn_Low'})","frozenset({'workpiece_slice_geometry_180x180', 'slag_weight_close_grab1, tonn_1.8'})",0.45291972915099254,0.8681057931593263,0.4179061288268997,0.9226935854842832,1.0628814975721952,1.0,0.024723888114770054,1.7061224177439867,0.1081401520680166,0.46273630246715797,0.4138755873553877,0.7020467927421415
"frozenset({'steel_weight, tonn_Low', 'workpiece_slice_geometry_180x180'})",frozenset({'kind_B 789/BC'}),0.4179061288268997,0.9997106314022802,0.41761676022917993,0.9993075751280986,0.9995968270602302,1.0,-0.00016843968724261638,0.4179061288269257,-0.0006924248719013195,0.41761676022918,-1.392881872316705,0.7085226077562456
"frozenset({'steel_weight, tonn_Low', 'kind_B 789/BC'})",frozenset({'workpiece_slice_geometry_180x180'}),0.45263036055327277,0.8681057931593263,0.41761676022917993,0.9226441631504922,1.0628245663384903,1.0,0.024685722073089222,1.7050323829767082,0.10799091232612476,0.46241589234219793,0.4135008754178831,0.7018554149085794
"frozenset({'steel_weight, tonn_Low'})","frozenset({'workpiece_slice_geometry_180x180', 'kind_B 789/BC'})",0.45291972915099254,0.8678164245616066,0.41761676022917993,0.9220546894965499,1.0624996985535768,1.0,0.024565580263954334,1.695850264558797,0.10752217822660036,0.46241589234219793,0.41032529764049286,0.7016408825942236
"frozenset({'steel_weight, tonn_Low', 'workpiece_slice_geometry_180x180'})","frozenset({'metal_residue_grab1, tonn_0.4'})",0.4179061288268997,0.9993633890850165,0.4172695179119162,0.9984766652818169,0.9991127113391541,1.0,-0.00037056731193380044,0.41790612882685996,-0.0015233347181830852,0.4172695179119162,-1.392881872317081,0.7080059953696552
"frozenset({'steel_weight, tonn_Low', 'metal_residue_grab1, tonn_0.4'})",frozenset({'workpiece_slice_geometry_180x180'}),0.45228311823600903,0.8681057931593263,0.4172695179119162,0.9225847728726807,1.0627561526978033,1.0,0.024639922823072202,1.7037243412559737,0.10781186433325556,0.46203140019224603,0.4130505881821193,0.7016257197696737
"frozenset({'steel_weight, tonn_Low'})","frozenset({'workpiece_slice_geometry_180x180', 'metal_residue_grab1, tonn_0.4'})",0.45291972915099254,0.8674691822443429,0.4172695179119162,0.92128801431127,1.06204120350153,1.0,0.024375610842975404,1.683743798304824,0.10677947823622005,0.4620314001922459,0.4060854145346877,0.7011537142741886
"frozenset({'steel_weight, tonn_Low', 'workpiece_slice_geometry_180x180'})",frozenset({'alloy_type_open'}),0.4179061288268997,0.989698477921176,0.4172116441923722,0.9983381803074366,1.0087296308714224,1.0,0.0036105845784586976,6.198940910932138,0.014867162053928174,0.42125869222228707,0.8386821209673977,0.7099462376889502
"frozenset({'steel_weight, tonn_Low', 'alloy_type_open'})",frozenset({'workpiece_slice_geometry_180x180'}),0.4475374732334047,0.8681057931593263,0.4172116441923722,0.932238458554248,1.0738765550239235,1.0,0.028701771022566658,1.9464463769063538,0.12452296386622666,0.46437773769646995,0.4862432318380218,0.706419229277124
"frozenset({'steel_weight, tonn_Low'})","frozenset({'workpiece_slice_geometry_180x180', 'alloy_type_open'})",0.45291972915099254,0.8660802129752879,0.4172116441923722,0.9211602351137235,1.0635969062833297,1.0,0.0249468287085709,1.6986325012243055,0.1092969067295827,0.4626492106276473,0.4112911419749472,0.7014421289167013
"frozenset({'steel_weight, tonn_Low', 'alloy_speed, meter/minute_2.0'})",frozenset({'workpiece_slice_geometry_180x180'}),0.42027895132820187,0.8681057931593263,0.416227790960125,0.9903607821536767,1.140829596988892,1.0,0.05138119856918644,13.683081858242543,0.21293844957454428,0.4772395487723955,0.9269170490712507,0.7349137244101718
"frozenset({'steel_weight, tonn_Low', 'workpiece_slice_geometry_180x180'})","frozenset({'alloy_speed, meter/minute_2.0'})",0.4179061288268997,0.8727935644423868,0.416227790960125,0.995983935742972,1.14114491251925,1.0,0.05148201117897594,31.674402453846177,0.21248652974040877,0.47597617471872933,0.96842876510592,0.7364376942822014
"frozenset({'steel_weight, tonn_Low'})","frozenset({'alloy_speed, meter/minute_2.0', 'workpiece_slice_geometry_180x180'})",0.45291972915099254,0.8652121071821286,0.416227790960125,0.9189879887554306,1.0621534085421462,1.0,0.02435615771703581,1.6638013394206024,0.10696129448814565,0.46149897330595485,0.39896670575572607,0.7000291114345716
"frozenset({'steel_weight, tonn_Low', 'residuals_grab2, tonn_4.0'})",frozenset({'workpiece_slice_geometry_180x180'}),0.4498524220151629,0.8681057931593263,0.4154754326060536,0.9235816287147819,1.0639044641708477,1.0,0.024955938987936577,1.7259489390110365,0.10918157656865976,0.460369372835706,0.42060858383620725,0.701090814357391
"frozenset({'steel_weight, tonn_Low', 'workpiece_slice_geometry_180x180'})","frozenset({'residuals_grab2, tonn_4.0'})",0.4179061288268997,0.9745355634006597,0.4154754326060536,0.9941836310760283,1.0201614681015911,1.0,0.008211047901142188,4.378064206758004,0.03395159724247089,0.4252710147503109,0.7715885485515734,0.7102576804943654
"frozenset({'steel_weight, tonn_Low'})","frozenset({'residuals_grab2, tonn_4.0', 'workpiece_slice_geometry_180x180'})",0.45291972915099254,0.8456507899762717,0.4154754326060536,0.9173268591873243,1.08475847248137,1.0,0.03246350585367769,1.866981325572947,0.14282328477040832,0.47047644013369155,0.46437600296129594,0.7043176863689153
"frozenset({'steel_weight, tonn_Low', 'workpiece_slice_geometry_180x180'})",frozenset({'steel_type_Arm500'}),0.4179061288268997,0.7896869031772672,0.3806933271601366,0.9109541614734802,1.1535637197581725,1.0,0.050678330468022115,2.3618520562316556,0.22869359841227374,0.4603863381858902,0.5766034551734354,0.6965177549763883
"frozenset({'steel_weight, tonn_Low', 'steel_type_Arm500'})",frozenset({'workpiece_slice_geometry_180x180'}),0.3806933271601366,0.8681057931593263,0.3806933271601366,1.0,1.1519333333333333,1.0,0.05021124443532332,inf,0.21297075039715924,0.4385333333333334,1.0,0.7192666666666667
"frozenset({'steel_weight, tonn_Low'})","frozenset({'workpiece_slice_geometry_180x180', 'steel_type_Arm500'})",0.45291972915099254,0.7896869031772672,0.3806933271601366,0.8405315614617941,1.064385844668255,1.0,0.023028548859002684,1.318838377992554,0.11057074965013108,0.4416840126233801,0.24175697592139242,0.6613064549705453
"frozenset({'steel_weight, tonn_Low', 'workpiece_slice_geometry_180x180'})","frozenset({'Nb, %_Low'})",0.4179061288268997,0.5151339776607442,0.2261704959777765,0.5411992798781332,1.0505990739258808,1.0,0.010892849546372263,1.0568118162727937,0.08273943064718009,0.3199607008351073,0.053757741348086016,0.490125535905812
"frozenset({'steel_weight, tonn_Low', 'Nb, %_Low'})",frozenset({'workpiece_slice_geometry_180x180'}),0.23861334567972683,0.8681057931593263,0.2261704959777765,0.9478535047295659,1.0918640472148113,1.0,0.019028868268076704,2.5293014642051053,0.11050240978815583,0.2568517909957279,0.6046339219930533,0.6041934190314496
"frozenset({'steel_weight_theoretical, tonn_Low'})",frozenset({'workpiece_slice_geometry_180x180'}),0.45291972915099254,0.8681057931593263,0.4179061288268997,0.9226935854842832,1.0628814975721952,1.0,0.024723888114770054,1.7061224177439867,0.1081401520680166,0.46273630246715797,0.4138755873553877,0.7020467927421415
"frozenset({'steel_weight_theoretical, tonn_Low', 'workpiece_slice_geometry_180x180'})",frozenset({'doc_requirement_DOC 34028-2016'}),0.4179061288268997,0.7953006539730308,0.3806933271601366,0.9109541614734802,1.1454211145466646,1.0,0.04833230960476559,2.2988086744335074,0.2181068259552184,0.45728189085853316,0.5649920712751666,0.6948163326651349
"frozenset({'steel_weight_theoretical, tonn_Low', 'doc_requirement_DOC 34028-2016'})",frozenset({'workpiece_slice_geometry_180x180'}),0.38127206435557615,0.8681057931593263,0.3806933271601366,0.9984820886460231,1.150184800647642,1.0,0.049708839323245435,86.891903466635,0.2110370139675569,0.4382411725516322,0.9884914478782941,0.7185077109896782
"frozenset({'steel_weight_theoretical, tonn_Low'})","frozenset({'workpiece_slice_geometry_180x180', 'doc_requirement_DOC 34028-2016'})",0.45291972915099254,0.793853810984432,0.3806933271601366,0.8405315614617941,1.058798924728318,1.0,0.021141274103584462,1.2927083936184585,0.10150906774476946,0.4395589709321751,0.22643033422188094,0.660041241837553
"frozenset({'workpiece_slice_geometry_180x180', 'steel_weight_theoretical, tonn_Low'})","frozenset({'crystallizer_movement, mm_Low'})",0.4179061288268997,0.6223161062561491,0.280919034666358,0.6722060656418778,1.0801681956873437,1.0,0.02084931979422111,1.152199153664701,0.12750220537938026,0.36996951219512186,0.1320944848645428,0.5618074873917563
"frozenset({'steel_weight_theoretical, tonn_Low', 'crystallizer_movement, mm_Low'})",frozenset({'workpiece_slice_geometry_180x180'}),0.28624341686440186,0.8681057931593263,0.280919034666358,0.9813991103922362,1.1305063485644966,1.0,0.03242946623265072,7.09074725036926,0.16173667340289258,0.32162735223959704,0.8589711401787838,0.6524995551961181
"frozenset({'steel_weight_theoretical, tonn_Low'})","frozenset({'workpiece_slice_geometry_180x180', 'crystallizer_movement, mm_Low'})",0.45291972915099254,0.6114937207014295,0.280919034666358,0.6202402248913876,1.0143035061421812,1.0,0.003961464308733842,1.0230316762417941,0.025776475038760842,0.358546314078889,0.02251316041982524,0.5398191470851033
"frozenset({'steel_weight_theoretical, tonn_Low', 'slag_weight_close_grab1, tonn_1.8'})",frozenset({'workpiece_slice_geometry_180x180'}),0.45291972915099254,0.8681057931593263,0.4179061288268997,0.9226935854842832,1.0628814975721952,1.0,0.024723888114770054,1.7061224177439867,0.1081401520680166,0.46273630246715797,0.4138755873553877,0.7020467927421415
"frozenset({'steel_weight_theoretical, tonn_Low', 'workpiece_slice_geometry_180x180'})","frozenset({'slag_weight_close_grab1, tonn_1.8'})",0.4179061288268997,1.0,0.4179061288268997,1.0,1.0,1.0,0.0,inf,0.0,0.4179061288268997,0.0,0.7089530644134499
"frozenset({'steel_weight_theoretical, tonn_Low'})","frozenset({'workpiece_slice_geometry_180x180', 'slag_weight_close_grab1, tonn_1.8'})",0.45291972915099254,0.8681057931593263,0.4179061288268997,0.9226935854842832,1.0628814975721952,1.0,0.024723888114770054,1.7061224177439867,0.1081401520680166,0.46273630246715797,0.4138755873553877,0.7020467927421415
"frozenset({'steel_weight, tonn_Low', 'steel_weight_theoretical, tonn_Low'})",frozenset({'workpiece_slice_geometry_180x180'}),0.45291972915099254,0.8681057931593263,0.4179061288268997,0.9226935854842832,1.0628814975721952,1.0,0.024723888114770054,1.7061224177439867,0.1081401520680166,0.46273630246715797,0.4138755873553877,0.7020467927421415
"frozenset({'steel_weight, tonn_Low', 'workpiece_slice_geometry_180x180'})","frozenset({'steel_weight_theoretical, tonn_Low'})",0.4179061288268997,0.45291972915099254,0.4179061288268997,1.0,2.2078967544083823,1.0,0.2286281981480805,inf,0.939848876516206,0.9226935854842832,1.0,0.9613467927421415
"frozenset({'steel_weight_theoretical, tonn_Low', 'workpiece_slice_geometry_180x180'})","frozenset({'steel_weight, tonn_Low'})",0.4179061288268997,0.45291972915099254,0.4179061288268997,1.0,2.2078967544083823,1.0,0.2286281981480805,inf,0.939848876516206,0.9226935854842832,1.0,0.9613467927421415
"frozenset({'steel_weight, tonn_Low'})","frozenset({'steel_weight_theoretical, tonn_Low', 'workpiece_slice_geometry_180x180'})",0.45291972915099254,0.4179061288268997,0.4179061288268997,0.9226935854842832,2.2078967544083823,1.0,0.2286281981480805,7.529696918678814,1.0,0.9226935854842832,0.8671925296861134,0.9613467927421415
"frozenset({'steel_weight_theoretical, tonn_Low'})","frozenset({'steel_weight, tonn_Low', 'workpiece_slice_geometry_180x180'})",0.45291972915099254,0.4179061288268997,0.4179061288268997,0.9226935854842832,2.2078967544083823,1.0,0.2286281981480805,7.529696918678814,1.0,0.9226935854842832,0.8671925296861134,0.9613467927421415
"frozenset({'steel_weight_theoretical, tonn_Low', 'kind_B 789/BC'})",frozenset({'workpiece_slice_geometry_180x180'}),0.45263036055327277,0.8681057931593263,0.41761676022917993,0.9226441631504922,1.0628245663384903,1.0,0.024685722073089222,1.7050323829767082,0.10799091232612476,0.46241589234219793,0.4135008754178831,0.7018554149085794
"frozenset({'steel_weight_theoretical, tonn_Low', 'workpiece_slice_geometry_180x180'})",frozenset({'kind_B 789/BC'}),0.4179061288268997,0.9997106314022802,0.41761676022917993,0.9993075751280986,0.9995968270602302,1.0,-0.00016843968724261638,0.4179061288269257,-0.0006924248719013195,0.41761676022918,-1.392881872316705,0.7085226077562456
"frozenset({'steel_weight_theoretical, tonn_Low'})","frozenset({'workpiece_slice_geometry_180x180', 'kind_B 789/BC'})",0.45291972915099254,0.8678164245616066,0.41761676022917993,0.9220546894965499,1.0624996985535768,1.0,0.024565580263954334,1.695850264558797,0.10752217822660036,0.46241589234219793,0.41032529764049286,0.7016408825942236
"frozenset({'steel_weight_theoretical, tonn_Low', 'metal_residue_grab1, tonn_0.4'})",frozenset({'workpiece_slice_geometry_180x180'}),0.45228311823600903,0.8681057931593263,0.4172695179119162,0.9225847728726807,1.0627561526978033,1.0,0.024639922823072202,1.7037243412559737,0.10781186433325556,0.46203140019224603,0.4130505881821193,0.7016257197696737
"frozenset({'steel_weight_theoretical, tonn_Low', 'workpiece_slice_geometry_180x180'})","frozenset({'metal_residue_grab1, tonn_0.4'})",0.4179061288268997,0.9993633890850165,0.4172695179119162,0.9984766652818169,0.9991127113391541,1.0,-0.00037056731193380044,0.41790612882685996,-0.0015233347181830852,0.4172695179119162,-1.392881872317081,0.7080059953696552
"frozenset({'steel_weight_theoretical, tonn_Low'})","frozenset({'workpiece_slice_geometry_180x180', 'metal_residue_grab1, tonn_0.4'})",0.45291972915099254,0.8674691822443429,0.4172695179119162,0.92128801431127,1.06204120350153,1.0,0.024375610842975404,1.683743798304824,0.10677947823622005,0.4620314001922459,0.4060854145346877,0.7011537142741886
"frozenset({'steel_weight_theoretical, tonn_Low', 'alloy_type_open'})",frozenset({'workpiece_slice_geometry_180x180'}),0.4475374732334047,0.8681057931593263,0.4172116441923722,0.932238458554248,1.0738765550239235,1.0,0.028701771022566658,1.9464463769063538,0.12452296386622666,0.46437773769646995,0.4862432318380218,0.706419229277124
"frozenset({'steel_weight_theoretical, tonn_Low', 'workpiece_slice_geometry_180x180'})",frozenset({'alloy_type_open'}),0.4179061288268997,0.989698477921176,0.4172116441923722,0.9983381803074366,1.0087296308714224,1.0,0.0036105845784586976,6.198940910932138,0.014867162053928174,0.42125869222228707,0.8386821209673977,0.7099462376889502
"frozenset({'steel_weight_theoretical, tonn_Low'})","frozenset({'workpiece_slice_geometry_180x180', 'alloy_type_open'})",0.45291972915099254,0.8660802129752879,0.4172116441923722,0.9211602351137235,1.0635969062833297,1.0,0.0249468287085709,1.6986325012243055,0.1092969067295827,0.4626492106276473,0.4112911419749472,0.7014421289167013
"frozenset({'steel_weight_theoretical, tonn_Low', 'alloy_speed, meter/minute_2.0'})",frozenset({'workpiece_slice_geometry_180x180'}),0.42027895132820187,0.8681057931593263,0.416227790960125,0.9903607821536767,1.140829596988892,1.0,0.05138119856918644,13.683081858242543,0.21293844957454428,0.4772395487723955,0.9269170490712507,0.7349137244101718
"frozenset({'steel_weight_theoretical, tonn_Low', 'workpiece_slice_geometry_180x180'})","frozenset({'alloy_speed, meter/minute_2.0'})",0.4179061288268997,0.8727935644423868,0.416227790960125,0.995983935742972,1.14114491251925,1.0,0.05148201117897594,31.674402453846177,0.21248652974040877,0.47597617471872933,0.96842876510592,0.7364376942822014
"frozenset({'steel_weight_theoretical, tonn_Low'})","frozenset({'alloy_speed, meter/minute_2.0', 'workpiece_slice_geometry_180x180'})",0.45291972915099254,0.8652121071821286,0.416227790960125,0.9189879887554306,1.0621534085421462,1.0,0.02435615771703581,1.6638013394206024,0.10696129448814565,0.46149897330595485,0.39896670575572607,0.7000291114345716
"frozenset({'residuals_grab2, tonn_4.0', 'steel_weight_theoretical, tonn_Low'})",frozenset({'workpiece_slice_geometry_180x180'}),0.4498524220151629,0.8681057931593263,0.4154754326060536,0.9235816287147819,1.0639044641708477,1.0,0.024955938987936577,1.7259489390110365,0.10918157656865976,0.460369372835706,0.42060858383620725,0.701090814357391
"frozenset({'steel_weight_theoretical, tonn_Low', 'workpiece_slice_geometry_180x180'})","frozenset({'residuals_grab2, tonn_4.0'})",0.4179061288268997,0.9745355634006597,0.4154754326060536,0.9941836310760283,1.0201614681015911,1.0,0.008211047901142188,4.378064206758004,0.03395159724247089,0.4252710147503109,0.7715885485515734,0.7102576804943654
"frozenset({'steel_weight_theoretical, tonn_Low'})","frozenset({'residuals_grab2, tonn_4.0', 'workpiece_slice_geometry_180x180'})",0.45291972915099254,0.8456507899762717,0.4154754326060536,0.9173268591873243,1.08475847248137,1.0,0.03246350585367769,1.866981325572947,0.14282328477040832,0.47047644013369155,0.46437600296129594,0.7043176863689153
"frozenset({'steel_weight_theoretical, tonn_Low', 'workpiece_slice_geometry_180x180'})",frozenset({'steel_type_Arm500'}),0.4179061288268997,0.7896869031772672,0.3806933271601366,0.9109541614734802,1.1535637197581725,1.0,0.050678330468022115,2.3618520562316556,0.22869359841227374,0.4603863381858902,0.5766034551734354,0.6965177549763883
"frozenset({'steel_weight_theoretical, tonn_Low', 'steel_type_Arm500'})",frozenset({'workpiece_slice_geometry_180x180'}),0.3806933271601366,0.8681057931593263,0.3806933271601366,1.0,1.1519333333333333,1.0,0.05021124443532332,inf,0.21297075039715924,0.4385333333333334,1.0,0.7192666666666667
"frozenset({'steel_weight_theoretical, tonn_Low'})","frozenset({'workpiece_slice_geometry_180x180', 'steel_type_Arm500'})",0.45291972915099254,0.7896869031772672,0.3806933271601366,0.8405315614617941,1.064385844668255,1.0,0.023028548859002684,1.318838377992554,0.11057074965013108,0.4416840126233801,0.24175697592139242,0.6613064549705453
"frozenset({'steel_weight_theoretical, tonn_Low', 'Nb, %_Low'})",frozenset({'workpiece_slice_geometry_180x180'}),0.23861334567972683,0.8681057931593263,0.2261704959777765,0.9478535047295659,1.0918640472148113,1.0,0.019028868268076704,2.5293014642051053,0.11050240978815583,0.2568517909957279,0.6046339219930533,0.6041934190314496
"frozenset({'steel_weight_theoretical, tonn_Low', 'workpiece_slice_geometry_180x180'})","frozenset({'Nb, %_Low'})",0.4179061288268997,0.5151339776607442,0.2261704959777765,0.5411992798781332,1.0505990739258808,1.0,0.010892849546372263,1.0568118162727937,0.08273943064718009,0.3199607008351073,0.053757741348086016,0.490125535905812
"frozenset({'Ca, %_Low'})",frozenset({'workpiece_slice_geometry_180x180'}),0.431680074078361,0.8681057931593263,0.34081833439435155,0.7895160209143317,0.9094698216919158,1.0,-0.03392563870452081,0.6266234960666146,-0.1490454038657955,0.3554013277006639,-0.5958546180874341,0.5910580104571659
"frozenset({'Ca, %_Low', 'workpiece_slice_geometry_180x180'})",frozenset({'doc_requirement_DOC 34028-2016'}),0.34081833439435155,0.7953006539730308,0.3192314370044563,0.9366615724231617,1.1777452561417414,1.0,0.048178392774629375,3.2318349832515265,0.2289504679817225,0.39078993978037546,0.6905782612100118,0.6690293744811195
"frozenset({'Ca, %_Low', 'doc_requirement_DOC 34028-2016'})",frozenset({'workpiece_slice_geometry_180x180'}),0.31975230048035186,0.8681057931593263,0.3192314370044563,0.998371040723982,1.1500568808446456,1.0,0.041652612581441206,80.96838808830604,0.19180923458331145,0.36751282563795057,0.9876495009520335,0.6830521870286577
"frozenset({'Ca, %_Low'})","frozenset({'workpiece_slice_geometry_180x180', 'doc_requirement_DOC 34028-2016'})",0.431680074078361,0.793853810984432,0.3192314370044563,0.7395093176028958,0.9315434496508301,1.0,-0.023459434928692513,0.7913764404874534,-0.11450048788435102,0.35223499361430394,-0.2636211401290182,0.5708190314776891
"frozenset({'Ca, %_Low', 'slag_weight_close_grab1, tonn_1.8'})",frozenset({'workpiece_slice_geometry_180x180'}),0.431680074078361,0.8681057931593263,0.34081833439435155,0.7895160209143317,0.9094698216919158,1.0,-0.03392563870452081,0.6266234960666146,-0.1490454038657955,0.3554013277006639,-0.5958546180874341,0.5910580104571659
"frozenset({'Ca, %_Low', 'workpiece_slice_geometry_180x180'})","frozenset({'slag_weight_close_grab1, tonn_1.8'})",0.34081833439435155,1.0,0.34081833439435155,1.0,1.0,1.0,0.0,inf,0.0,0.34081833439435155,0.0,0.6704091671971758
"frozenset({'Ca, %_Low'})","frozenset({'workpiece_slice_geometry_180x180', 'slag_weight_close_grab1, tonn_1.8'})",0.431680074078361,0.8681057931593263,0.34081833439435155,0.7895160209143317,0.9094698216919158,1.0,-0.03392563870452081,0.6266234960666146,-0.1490454038657955,0.3554013277006639,-0.5958546180874341,0.5910580104571659
"frozenset({'Ca, %_Low', 'metal_residue_grab1, tonn_0.4'})",frozenset({'workpiece_slice_geometry_180x180'}),0.431680074078361,0.8681057931593263,0.34081833439435155,0.7895160209143317,0.9094698216919158,1.0,-0.03392563870452081,0.6266234960666146,-0.1490454038657955,0.3554013277006639,-0.5958546180874341,0.5910580104571659
"frozenset({'Ca, %_Low', 'workpiece_slice_geometry_180x180'})","frozenset({'metal_residue_grab1, tonn_0.4'})",0.34081833439435155,0.9993633890850165,0.34081833439435155,1.0,1.0006370164466063,1.0,0.00021696867170190037,inf,0.0009657594381034116,0.3410354412786658,1.0,0.6705177206393329
"frozenset({'Ca, %_Low'})","frozenset({'workpiece_slice_geometry_180x180', 'metal_residue_grab1, tonn_0.4'})",0.431680074078361,0.8674691822443429,0.34081833439435155,0.7895160209143317,0.9101372556794141,1.0,-0.033650826457581606,0.6296480061397749,-0.1480167774309078,0.3556374177184613,-0.5881889408826478,0.5912020694337488
"frozenset({'Ca, %_Low', 'kind_B 789/BC'})",frozenset({'workpiece_slice_geometry_180x180'}),0.43139070548064123,0.8681057931593263,0.3405289657966317,0.7893748323048028,0.9093071818263124,1.0,-0.0339638047462017,0.6262034508218989,-0.14923127167675665,0.35509957754978877,-0.5969250867070263,0.5908207494857347
"frozenset({'Ca, %_Low', 'workpiece_slice_geometry_180x180'})",frozenset({'kind_B 789/BC'}),0.34081833439435155,0.9997106314022802,0.3405289657966317,0.99915095941586,0.9994401660152046,1.0,-0.0001907464742189613,0.34081833439430426,-0.0008490405841402283,0.3405289657966317,-1.934114450671149,0.6698892460619881
"frozenset({'Ca, %_Low'})","frozenset({'workpiece_slice_geometry_180x180', 'kind_B 789/BC'})",0.431680074078361,0.8678164245616066,0.3405289657966317,0.7888456897707466,0.9090006451182882,1.0,-0.03409009264454099,0.6260046280603023,-0.14976789885317393,0.35509957754978877,-0.597432279532079,0.5906215777963436
"frozenset({'Ca, %_Low', 'alloy_type_open'})",frozenset({'workpiece_slice_geometry_180x180'}),0.42375137450083916,0.8681057931593263,0.3387927542103131,0.7995083310570882,0.9209802968223618,1.0,-0.02906826885309266,0.6578538027843408,-0.1295971515049829,0.3554772892883167,-0.5200945799318004,0.5948874988618774
"frozenset({'Ca, %_Low', 'workpiece_slice_geometry_180x180'})",frozenset({'alloy_type_open'}),0.34081833439435155,0.989698477921176,0.3387927542103131,0.9940567159110204,1.00440360179092,1.0,0.0014853674125929195,1.7333046720626522,0.0066511180906892705,0.34161998132586363,0.4230673832950622,0.6681879392665446
"frozenset({'Ca, %_Low'})","frozenset({'workpiece_slice_geometry_180x180', 'alloy_type_open'})",0.431680074078361,0.8660802129752879,0.3387927542103131,0.7848237029092371,0.9061790018422123,1.0,-0.035076816284661916,0.6223723934064342,-0.15410286877744403,0.3532890766445383,-0.6067550723557875,0.5880015607763693
"frozenset({'Ca, %_Low', 'alloy_speed, meter/minute_2.0'})",frozenset({'workpiece_slice_geometry_180x180'}),0.3420915562243185,0.8681057931593263,0.33792464841715375,0.9878193199120284,1.1379020019173294,1.0,0.040952986667933455,10.82814800882253,0.18420450575066183,0.38740711252653925,0.9076481038876434,0.6885429932893475
"frozenset({'Ca, %_Low', 'workpiece_slice_geometry_180x180'})","frozenset({'alloy_speed, meter/minute_2.0'})",0.34081833439435155,0.8727935644423868,0.33792464841715375,0.9915095941586006,1.136018452189275,1.0,0.040460599513790385,14.982373979975415,0.18163825603654143,0.3858965038662348,0.9332549033059419,0.6893427554374993
