antecedents,consequents,antecedent support,consequent support,support,confidence,lift,representativity,leverage,conviction,zhangs_metric,jaccard,certainty,kulczynski
frozenset({'cast_in_row_Low'}),frozenset({'kind_B 789/BC'}),0.34608484287285146,0.9997106314022802,0.34608484287285146,1.0,1.000289452356142,1.0,0.00010014608567421313,inf,0.0004425170369060414,0.3461850179460461,1.0,0.6730925089730231
frozenset({'cast_in_row_Low'}),"frozenset({'slag_weight_close_grab1, tonn_1.8'})",0.34608484287285146,1.0,0.34608484287285146,1.0,1.0,1.0,0.0,inf,0.0,0.3460848428728515,0.0,0.6730424214364257
frozenset({'cast_in_row_Low'}),"frozenset({'metal_residue_grab1, tonn_0.4'})",0.34608484287285146,0.9993633890850165,0.3457376005555877,0.9989966555183947,0.9996330328180647,1.0,-0.0001269209287805273,0.6344888786001961,-0.0005610757302690935,0.3458376751186754,-0.5760717543327024,0.6724772483058733
frozenset({'cast_in_row_Low'}),"frozenset({'residuals_grab2, tonn_4.0'})",0.34608484287285146,0.9745355634006597,0.34411713640835695,0.9943143812709029,1.0202956347752201,1.0,0.006845149074833856,4.478745025413277,0.03041971959512761,0.3523973211639898,0.7767231681362069,0.6737116178579706
frozenset({'cast_in_row_Low'}),frozenset({'alloy_type_open'}),0.34608484287285146,0.989698477921176,0.3364199317090109,0.9720735785953176,0.9821916475380675,1.0,-0.006099710513839562,0.3688808504872277,-0.026979149136384557,0.3366342367384757,-1.7109024463567932,0.6559976103022784
frozenset({'cast_in_row_Low'}),frozenset({'doc_requirement_DOC 34028-2016'}),0.34608484287285146,0.7953006539730308,0.2555703455061057,0.7384615384615384,0.9285312853352439,1.0,-0.019671156360826725,0.7826739701031171,-0.10531021626882676,0.28851430811446493,-0.2776712120223574,0.5299060712246566
frozenset({'cast_in_row_Low'}),"frozenset({'alloy_speed, meter/minute_2.0'})",0.34608484287285146,0.8727935644423868,0.30071184675039064,0.8688963210702341,0.995534747813313,1.0,-0.0013487768600887184,0.9702735773399578,-0.006812389299689021,0.32751339426410336,-0.030637155699466057,0.6067179039208341
frozenset({'cast_in_row_Low'}),"frozenset({'crystallizer_movement, mm_Low'})",0.34608484287285146,0.6223161062561491,0.23004803518722147,0.6647157190635451,1.068131954775318,1.0,0.014673863336317372,1.126458695555226,0.09754489321423758,0.3115692114751528,0.11226216820395277,0.5171899993997164
frozenset({'cast_in_row_Low'}),frozenset({'workpiece_slice_geometry_180x180'}),0.34608484287285146,0.8681057931593263,0.2949823485155391,0.8523411371237458,0.9818401672240803,1.0,-0.0054559085070184365,0.8932359647873482,-0.02750656282326527,0.3209091481458163,-0.11952500730091967,0.5960705685618729
frozenset({'cast_in_row_Low'}),frozenset({'steel_type_Arm500'}),0.34608484287285146,0.7896869031772672,0.2541235025175068,0.7342809364548495,0.9298380579701975,1.0,-0.019175165287346363,0.7914866702328144,-0.10345360914163122,0.2882368386503873,-0.2634451565758546,0.5280418973223313
"frozenset({'kind_B 789/BC', 'cast_in_row_Low'})","frozenset({'slag_weight_close_grab1, tonn_1.8'})",0.34608484287285146,1.0,0.34608484287285146,1.0,1.0,1.0,0.0,inf,0.0,0.3460848428728515,0.0,0.6730424214364257
"frozenset({'cast_in_row_Low', 'slag_weight_close_grab1, tonn_1.8'})",frozenset({'kind_B 789/BC'}),0.34608484287285146,0.9997106314022802,0.34608484287285146,1.0,1.000289452356142,1.0,0.00010014608567421313,inf,0.0004425170369060414,0.3461850179460461,1.0,0.6730925089730231
frozenset({'cast_in_row_Low'}),"frozenset({'kind_B 789/BC', 'slag_weight_close_grab1, tonn_1.8'})",0.34608484287285146,0.9997106314022802,0.34608484287285146,1.0,1.000289452356142,1.0,0.00010014608567421313,inf,0.0004425170369060414,0.3461850179460461,1.0,0.6730925089730231
"frozenset({'metal_residue_grab1, tonn_0.4', 'cast_in_row_Low'})","frozenset({'slag_weight_close_grab1, tonn_1.8'})",0.3457376005555877,1.0,0.3457376005555877,1.0,1.0,1.0,0.0,inf,0.0,0.3457376005555877,0.0,0.6728688002777938
"frozenset({'cast_in_row_Low', 'slag_weight_close_grab1, tonn_1.8'})","frozenset({'metal_residue_grab1, tonn_0.4'})",0.34608484287285146,0.9993633890850165,0.3457376005555877,0.9989966555183947,0.9996330328180647,1.0,-0.0001269209287805273,0.6344888786001961,-0.0005610757302690935,0.3458376751186754,-0.5760717543327024,0.6724772483058733
frozenset({'cast_in_row_Low'}),"frozenset({'metal_residue_grab1, tonn_0.4', 'slag_weight_close_grab1, tonn_1.8'})",0.34608484287285146,0.9993633890850165,0.3457376005555877,0.9989966555183947,0.9996330328180647,1.0,-0.0001269209287805273,0.6344888786001961,-0.0005610757302690935,0.3458376751186754,-0.5760717543327024,0.6724772483058733
"frozenset({'metal_residue_grab1, tonn_0.4', 'cast_in_row_Low'})",frozenset({'kind_B 789/BC'}),0.3457376005555877,0.9997106314022802,0.3457376005555877,1.0,1.000289452356142,1.0,0.00010004560465176615,inf,0.00044228217602828776,0.3458376751186754,1.0,0.6729188375593378
"frozenset({'kind_B 789/BC', 'cast_in_row_Low'})","frozenset({'metal_residue_grab1, tonn_0.4'})",0.34608484287285146,0.9993633890850165,0.3457376005555877,0.9989966555183947,0.9996330328180647,1.0,-0.0001269209287805273,0.6344888786001961,-0.0005610757302690935,0.3458376751186754,-0.5760717543327024,0.6724772483058733
frozenset({'cast_in_row_Low'}),"frozenset({'metal_residue_grab1, tonn_0.4', 'kind_B 789/BC'})",0.34608484287285146,0.9990740204872968,0.3457376005555877,0.9989966555183947,0.9999225633263246,1.0,-2.6774843106369683e-05,0.922892914327578,-0.00011841520928873703,0.3459378076321732,-0.08354933110370925,0.6725273493661023
"frozenset({'residuals_grab2, tonn_4.0', 'cast_in_row_Low'})","frozenset({'slag_weight_close_grab1, tonn_1.8'})",0.34411713640835695,1.0,0.34411713640835695,1.0,1.0,1.0,0.0,inf,0.0,0.344117136408357,0.0,0.6720585682041784
"frozenset({'cast_in_row_Low', 'slag_weight_close_grab1, tonn_1.8'})","frozenset({'residuals_grab2, tonn_4.0'})",0.34608484287285146,0.9745355634006597,0.34411713640835695,0.9943143812709029,1.0202956347752201,1.0,0.006845149074833856,4.478745025413277,0.03041971959512761,0.3523973211639898,0.7767231681362069,0.6737116178579706
frozenset({'cast_in_row_Low'}),"frozenset({'residuals_grab2, tonn_4.0', 'slag_weight_close_grab1, tonn_1.8'})",0.34608484287285146,0.9745355634006597,0.34411713640835695,0.9943143812709029,1.0202956347752201,1.0,0.006845149074833856,4.478745025413277,0.03041971959512761,0.3523973211639898,0.7767231681362069,0.6737116178579706
"frozenset({'residuals_grab2, tonn_4.0', 'cast_in_row_Low'})",frozenset({'kind_B 789/BC'}),0.34411713640835695,0.9997106314022802,0.34411713640835695,1.0,1.000289452356142,1.0,9.95766932138098e-05,inf,0.0004411894467483401,0.34421674192427926,1.0,0.6721083709621396
"frozenset({'cast_in_row_Low', 'kind_B 789/BC'})","frozenset({'residuals_grab2, tonn_4.0'})",0.34608484287285146,0.9745355634006597,0.34411713640835695,0.9943143812709029,1.0202956347752201,1.0,0.006845149074833856,4.478745025413277,0.03041971959512761,0.3523973211639898,0.7767231681362069,0.6737116178579706
frozenset({'cast_in_row_Low'}),"frozenset({'residuals_grab2, tonn_4.0', 'kind_B 789/BC'})",0.34608484287285146,0.97424619480294,0.34411713640835695,0.9943143812709029,1.0205986808827332,1.0,0.006945295160508069,4.529639855247518,0.030864767001904964,0.3525017785155324,0.7792318965841146,0.6737640576902215
"frozenset({'residuals_grab2, tonn_4.0', 'cast_in_row_Low'})","frozenset({'metal_residue_grab1, tonn_0.4'})",0.34411713640835695,0.9993633890850165,0.3437698940910932,0.9989909182643794,0.9996272919093242,1.0,-0.0001281735921933036,0.6308814167485727,-0.0005681429475448578,0.3438693990969086,-0.5850839372536683,0.6714898997159284
"frozenset({'metal_residue_grab1, tonn_0.4', 'cast_in_row_Low'})","frozenset({'residuals_grab2, tonn_4.0'})",0.3457376005555877,0.9745355634006597,0.3437698940910932,0.9943086709072647,1.020289775200821,1.0,0.006836306744861298,4.474251301307533,0.030394971385683405,0.3520417234635215,0.7764989195605162,0.6735306048282983
frozenset({'cast_in_row_Low'}),"frozenset({'residuals_grab2, tonn_4.0', 'metal_residue_grab1, tonn_0.4'})",0.34608484287285146,0.974188321083396,0.3437698940910932,0.9933110367892976,1.019629383038215,1.0,0.006618082060379116,3.858845998032231,0.029440345574516486,0.3520417234635215,0.7408551674490412,0.6730946558033103
"frozenset({'cast_in_row_Low', 'alloy_type_open'})","frozenset({'slag_weight_close_grab1, tonn_1.8'})",0.3364199317090109,1.0,0.3364199317090109,1.0,1.0,1.0,0.0,inf,0.0,0.3364199317090109,0.0,0.6682099658545054
"frozenset({'cast_in_row_Low', 'slag_weight_close_grab1, tonn_1.8'})",frozenset({'alloy_type_open'}),0.34608484287285146,0.989698477921176,0.3364199317090109,0.9720735785953176,0.9821916475380675,1.0,-0.006099710513839562,0.3688808504872277,-0.026979149136384557,0.3366342367384757,-1.7109024463567932,0.6559976103022784
frozenset({'cast_in_row_Low'}),"frozenset({'alloy_type_open', 'slag_weight_close_grab1, tonn_1.8'})",0.34608484287285146,0.989698477921176,0.3364199317090109,0.9720735785953176,0.9821916475380675,1.0,-0.006099710513839562,0.3688808504872277,-0.026979149136384557,0.3366342367384757,-1.7109024463567932,0.6559976103022784
"frozenset({'cast_in_row_Low', 'alloy_type_open'})",frozenset({'kind_B 789/BC'}),0.3364199317090109,0.9997106314022802,0.3364199317090109,1.0,1.000289452356142,1.0,9.734936388361426e-05,inf,0.00043607186464327143,0.33651730925089723,1.0,0.6682586546254486
"frozenset({'kind_B 789/BC', 'cast_in_row_Low'})",frozenset({'alloy_type_open'}),0.34608484287285146,0.989698477921176,0.3364199317090109,0.9720735785953176,0.9821916475380675,1.0,-0.006099710513839562,0.3688808504872277,-0.026979149136384557,0.3366342367384757,-1.7109024463567932,0.6559976103022784
frozenset({'cast_in_row_Low'}),"frozenset({'kind_B 789/BC', 'alloy_type_open'})",0.34608484287285146,0.9894091093234563,0.3364199317090109,0.9720735785953176,0.9824789052730751,1.0,-0.005999564428165349,0.37924267213012736,-0.02654796024563569,0.3367317384000463,-1.6368340735055147,0.6560473180763204
"frozenset({'cast_in_row_Low', 'alloy_type_open'})","frozenset({'metal_residue_grab1, tonn_0.4'})",0.3364199317090109,0.9993633890850165,0.3360726893917472,0.9989678307242389,0.9996041896620409,1.0,-0.00013307371671972268,0.6167698747998785,-0.0005963574658298448,0.33616996642352664,-0.6213502650797706,0.667627301973192
"frozenset({'metal_residue_grab1, tonn_0.4', 'cast_in_row_Low'})",frozenset({'alloy_type_open'}),0.3457376005555877,0.989698477921176,0.3360726893917472,0.9720455306327419,0.9821633076313167,1.0,-0.006103287638237476,0.3685107359215231,-0.027007727660426147,0.33628677322214495,-1.7136251471733428,0.6558081579834665
frozenset({'cast_in_row_Low'}),"frozenset({'metal_residue_grab1, tonn_0.4', 'alloy_type_open'})",0.34608484287285146,0.9890618670061925,0.3360726893917472,0.9710702341137124,0.9818093958602011,1.0,-0.006226631442619979,0.378092689612538,-0.027552727532496903,0.33638417424549616,-1.6448540992019192,0.6554297923055397
"frozenset({'residuals_grab2, tonn_4.0', 'cast_in_row_Low'})",frozenset({'alloy_type_open'}),0.34411713640835695,0.989698477921176,0.3352624573181318,0.974268415741675,0.9844093301912403,1.0,-0.005309748811812787,0.4003454266711572,-0.02357764807212578,0.3357482322939608,-1.497842946065168,0.6565102677503767
"frozenset({'cast_in_row_Low', 'alloy_type_open'})","frozenset({'residuals_grab2, tonn_4.0'})",0.3364199317090109,0.9745355634006597,0.3352624573181318,0.9965594357474626,1.0225993521159455,1.0,0.0074092696308794,7.401238497598374,0.033304057125911175,0.343614686517587,0.8648874779100161,0.6702911199759939
frozenset({'cast_in_row_Low'}),"frozenset({'residuals_grab2, tonn_4.0', 'alloy_type_open'})",0.34608484287285146,0.9650442733954512,0.3352624573181318,0.9687290969899665,1.0038182948659449,1.0,0.0012752615947219659,1.117835535268456,0.005816918151244875,0.3435535523662672,0.10541401802918794,0.6580676969207703
"frozenset({'cast_in_row_Low', 'slag_weight_close_grab1, tonn_1.8'})",frozenset({'doc_requirement_DOC 34028-2016'}),0.34608484287285146,0.7953006539730308,0.2555703455061057,0.7384615384615384,0.9285312853352439,1.0,-0.019671156360826725,0.7826739701031171,-0.10531021626882676,0.28851430811446493,-0.2776712120223574,0.5299060712246566
"frozenset({'cast_in_row_Low', 'doc_requirement_DOC 34028-2016'})","frozenset({'slag_weight_close_grab1, tonn_1.8'})",0.2555703455061057,1.0,0.2555703455061057,1.0,1.0,1.0,0.0,inf,0.0,0.25557034550610574,0.0,0.6277851727530528
frozenset({'cast_in_row_Low'}),"frozenset({'slag_weight_close_grab1, tonn_1.8', 'doc_requirement_DOC 34028-2016'})",0.34608484287285146,0.7953006539730308,0.2555703455061057,0.7384615384615384,0.9285312853352439,1.0,-0.019671156360826725,0.7826739701031171,-0.10531021626882676,0.28851430811446493,-0.2776712120223574,0.5299060712246566
"frozenset({'kind_B 789/BC', 'cast_in_row_Low'})",frozenset({'doc_requirement_DOC 34028-2016'}),0.34608484287285146,0.7953006539730308,0.2555703455061057,0.7384615384615384,0.9285312853352439,1.0,-0.019671156360826725,0.7826739701031171,-0.10531021626882676,0.28851430811446493,-0.2776712120223574,0.5299060712246566
"frozenset({'cast_in_row_Low', 'doc_requirement_DOC 34028-2016'})",frozenset({'kind_B 789/BC'}),0.2555703455061057,0.9997106314022802,0.2555703455061057,1.0,1.000289452356142,1.0,7.395403249788046e-05,inf,0.00038871180906486526,0.2556443209447725,1.0,0.6278221604723863
frozenset({'cast_in_row_Low'}),"frozenset({'kind_B 789/BC', 'doc_requirement_DOC 34028-2016'})",0.34608484287285146,0.7950112853753111,0.2555703455061057,0.7384615384615384,0.9288692526080601,1.0,-0.01957101027515251,0.7837803794473398,-0.10483028397415267,0.28860858767400827,-0.2758676106502197,0.5299645538999109
"frozenset({'cast_in_row_Low', 'alloy_type_open'})",frozenset({'doc_requirement_DOC 34028-2016'}),0.3364199317090109,0.7953006539730308,0.2553388506279299,0.7589884741097541,0.9543415692142658,1.0,-0.012216141069808895,0.8493342601390238,-0.06724953438987775,0.291355741926963,-0.17739274974768407,0.5400239998259438
"frozenset({'cast_in_row_Low', 'doc_requirement_DOC 34028-2016'})",frozenset({'alloy_type_open'}),0.2555703455061057,0.989698477921176,0.2553388506279299,0.9990942028985508,1.0094935227111899,1.0,0.002401268678748014,11.372880375022293,0.012632816622684357,0.25793627594270685,0.9120715274385325,0.6285454056420127
frozenset({'cast_in_row_Low'}),"frozenset({'alloy_type_open', 'doc_requirement_DOC 34028-2016'})",0.34608484287285146,0.7944325481798715,0.2553388506279299,0.7377926421404682,0.9287039457671123,1.0,-0.01960221298197995,0.7839881134466635,-0.10506504953889954,0.2884602811376267,-0.2755295429208472,0.5296015006433382
"frozenset({'metal_residue_grab1, tonn_0.4', 'cast_in_row_Low'})",frozenset({'doc_requirement_DOC 34028-2016'}),0.3457376005555877,0.7953006539730308,0.25522310318884195,0.7381988617341815,0.9282009992653851,1.0,-0.019742236636083488,0.7818886784943183,-0.10572887570671663,0.28812230497843977,-0.27895444390587454,0.5295564240267473
"frozenset({'cast_in_row_Low', 'doc_requirement_DOC 34028-2016'})","frozenset({'metal_residue_grab1, tonn_0.4'})",0.2555703455061057,0.9993633890850165,0.25522310318884195,0.998641304347826,0.9992774552829561,1.0,-0.00018454344576845916,0.46854563342781474,-0.0009703610339021996,0.2552969781174019,-1.1342638339923028,0.6270134944254766
frozenset({'cast_in_row_Low'}),"frozenset({'metal_residue_grab1, tonn_0.4', 'doc_requirement_DOC 34028-2016'})",0.34608484287285146,0.7946640430580474,0.25522310318884195,0.7374581939799331,0.9280125361429803,1.0,-0.019798077289607252,0.7821076576515137,-0.1060465471752749,0.2882164564407555,-0.2785963546281673,0.5293146333675064
"frozenset({'residuals_grab2, tonn_4.0', 'cast_in_row_Low'})",frozenset({'doc_requirement_DOC 34028-2016'}),0.34411713640835695,0.7953006539730308,0.25481798715203424,0.7404978136562395,0.9310916694925165,1.0,-0.018858596476858724,0.7888154967442375,-0.10139611070070023,0.28806018972849196,-0.2677235730375568,0.5304512063478403
"frozenset({'cast_in_row_Low', 'doc_requirement_DOC 34028-2016'})","frozenset({'residuals_grab2, tonn_4.0'})",0.2555703455061057,0.9745355634006597,0.25481798715203424,0.9970561594202897,1.0231090550877835,1.0,0.005755596505740257,8.650073232513872,0.030341468360226956,0.26127462615713265,0.8843940423254218,0.6292662470597499
frozenset({'cast_in_row_Low'}),"frozenset({'residuals_grab2, tonn_4.0', 'doc_requirement_DOC 34028-2016'})",0.34608484287285146,0.7756235893280862,0.25481798715203424,0.7362876254180601,0.9492847246380137,1.0,-0.013613580889053511,0.8508376257565279,-0.0755290721637226,0.29394485613191795,-0.17531238596887797,0.5324103400930026
"frozenset({'alloy_speed, meter/minute_2.0', 'cast_in_row_Low'})",frozenset({'doc_requirement_DOC 34028-2016'}),0.30071184675039064,0.7953006539730308,0.2541235025175068,0.8450731331793688,1.0625832242909559,1.0,0.014967174139483314,1.321264350256065,0.08422457113746386,0.3018491785247818,0.24314918524351542,0.5823022484409434
"frozenset({'cast_in_row_Low', 'doc_requirement_DOC 34028-2016'})","frozenset({'alloy_speed, meter/minute_2.0'})",0.2555703455061057,0.8727935644423868,0.2541235025175068,0.994338768115942,1.139259967792279,1.0,0.031063349697460524,22.469744776896757,0.16420250881382564,0.29067920031775457,0.9554957116812385,0.6427499158529448
frozenset({'cast_in_row_Low'}),"frozenset({'alloy_speed, meter/minute_2.0', 'doc_requirement_DOC 34028-2016'})",0.34608484287285146,0.7928120840326408,0.2541235025175068,0.7342809364548495,0.9261727353093907,1.0,-0.020256743012627587,0.7797254483856564,-0.1086548881603627,0.2872187336473051,-0.2825027092169431,0.5274076410137595
"frozenset({'workpiece_slice_geometry_180x180', 'cast_in_row_Low'})",frozenset({'doc_requirement_DOC 34028-2016'}),0.2949823485155391,0.7953006539730308,0.2541235025175068,0.8614871493035119,1.0832219802660008,1.0,0.019523847832598057,1.4778364967414475,0.10897342256277778,0.3039174972314508,0.32333515770861804,0.5905092565030149
"frozenset({'cast_in_row_Low', 'doc_requirement_DOC 34028-2016'})",frozenset({'workpiece_slice_geometry_180x180'}),0.2555703455061057,0.8681057931593263,0.2541235025175068,0.994338768115942,1.1454119716183575,1.0,0.032261405023925854,23.297792696336547,0.17053549261046547,0.29224625623960065,0.9570774788395622,0.6435360507246377
frozenset({'cast_in_row_Low'}),"frozenset({'workpiece_slice_geometry_180x180', 'doc_requirement_DOC 34028-2016'})",0.34608484287285146,0.793853810984432,0.2541235025175068,0.7342809364548495,0.9249573741345297,1.0,-0.020617268921054643,0.7758050411032704,-0.11037526259882645,0.28688096171436045,-0.2889836325088871,0.5271973319731418
"frozenset({'steel_weight_theoretical, tonn_Low', 'cast_in_row_Low'})","frozenset({'slag_weight_close_grab1, tonn_1.8'})",0.1633775102725852,1.0,0.1633775102725852,1.0,1.0,1.0,0.0,inf,0.0,0.1633775102725852,0.0,0.5816887551362926
"frozenset({'steel_weight_theoretical, tonn_Low', 'cast_in_row_Low'})",frozenset({'kind_B 789/BC'}),0.1633775102725852,0.9997106314022802,0.1633775102725852,1.0,1.000289452356142,1.0,4.727632104653545e-05,inf,0.00034587714443836326,0.16342480027787423,1.0,0.5817124001389371
"frozenset({'steel_weight_theoretical, tonn_Low', 'cast_in_row_Low'})","frozenset({'metal_residue_grab1, tonn_0.4'})",0.1633775102725852,0.9993633890850165,0.1630302679553215,0.9978746014877791,0.9985102640205776,1.0,-0.00024323441096135712,0.29952543549973315,-0.0017801370765113628,0.16307745745050364,-2.338614626606197,0.5805043612025413
"frozenset({'steel_weight_theoretical, tonn_Low', 'cast_in_row_Low'})","frozenset({'residuals_grab2, tonn_4.0'})",0.1633775102725852,0.9745355634006597,0.1619885410035303,0.9914984059511159,1.0174060785337213,1.0,0.0027713469830394077,2.995254354997436,0.0204492354669321,0.16598470023127557,0.666138537339392,0.5788598389990748
"frozenset({'steel_weight_theoretical, tonn_Low', 'cast_in_row_Low'})",frozenset({'alloy_type_open'}),0.1633775102725852,0.989698477921176,0.1579952543549974,0.9670563230605739,0.9771221686546784,1.0,-0.003699218888331496,0.31270104116688213,-0.02722383924823219,0.15877631731999534,-2.1979426620019487,0.5633480551037622
"frozenset({'alloy_speed, meter/minute_2.0', 'cast_in_row_Low'})","frozenset({'steel_weight_theoretical, tonn_Low'})",0.30071184675039064,0.45291972915099254,0.15105040800972278,0.5023094688221709,1.1090474459210695,1.0,0.014852079827041065,1.0992378527963815,0.14060773139044963,0.25067230119093353,0.0902787804695113,0.41790658720944984
"frozenset({'steel_weight_theoretical, tonn_Low', 'cast_in_row_Low'})","frozenset({'alloy_speed, meter/minute_2.0'})",0.1633775102725852,0.8727935644423868,0.15105040800972278,0.924548352816153,1.0592978574570855,1.0,0.008455568469190461,1.6859331811227325,0.06691005285956896,0.17065515888583757,0.40685668257975754,0.5488068997022877
"frozenset({'steel_weight, tonn_Low', 'cast_in_row_Low'})","frozenset({'steel_weight_theoretical, tonn_Low'})",0.1633775102725852,0.45291972915099254,0.1633775102725852,1.0,2.2078967544083823,1.0,0.08938061257056241,inf,0.6539153292750415,0.360720674674163,1.0,0.6803603373370815
"frozenset({'steel_weight_theoretical, tonn_Low', 'cast_in_row_Low'})","frozenset({'steel_weight, tonn_Low'})",0.1633775102725852,0.45291972915099254,0.1633775102725852,1.0,2.2078967544083823,1.0,0.08938061257056241,inf,0.6539153292750415,0.360720674674163,1.0,0.6803603373370815
"frozenset({'steel_weight, tonn_Low', 'cast_in_row_Low'})","frozenset({'slag_weight_close_grab1, tonn_1.8'})",0.1633775102725852,1.0,0.1633775102725852,1.0,1.0,1.0,0.0,inf,0.0,0.1633775102725852,0.0,0.5816887551362926
"frozenset({'steel_weight, tonn_Low', 'cast_in_row_Low'})",frozenset({'kind_B 789/BC'}),0.1633775102725852,0.9997106314022802,0.1633775102725852,1.0,1.000289452356142,1.0,4.727632104653545e-05,inf,0.00034587714443836326,0.16342480027787423,1.0,0.5817124001389371
"frozenset({'steel_weight, tonn_Low', 'cast_in_row_Low'})","frozenset({'metal_residue_grab1, tonn_0.4'})",0.1633775102725852,0.9993633890850165,0.1630302679553215,0.9978746014877791,0.9985102640205776,1.0,-0.00024323441096135712,0.29952543549973315,-0.0017801370765113628,0.16307745745050364,-2.338614626606197,0.5805043612025413
"frozenset({'steel_weight, tonn_Low', 'cast_in_row_Low'})","frozenset({'residuals_grab2, tonn_4.0'})",0.1633775102725852,0.9745355634006597,0.1619885410035303,0.9914984059511159,1.0174060785337213,1.0,0.0027713469830394077,2.995254354997436,0.0204492354669321,0.16598470023127557,0.666138537339392,0.5788598389990748
"frozenset({'steel_weight, tonn_Low', 'cast_in_row_Low'})",frozenset({'alloy_type_open'}),0.1633775102725852,0.989698477921176,0.1579952543549974,0.9670563230605739,0.9771221686546784,1.0,-0.003699218888331496,0.31270104116688213,-0.02722383924823219,0.15877631731999534,-2.1979426620019487,0.5633480551037622
"frozenset({'steel_weight, tonn_Low', 'cast_in_row_Low'})","frozenset({'alloy_speed, meter/minute_2.0'})",0.1633775102725852,0.8727935644423868,0.15105040800972278,0.924548352816153,1.0592978574570855,1.0,0.008455568469190461,1.6859331811227325,0.06691005285956896,0.17065515888583757,0.40685668257975754,0.5488068997022877
"frozenset({'alloy_speed, meter/minute_2.0', 'cast_in_row_Low'})","frozenset({'steel_weight, tonn_Low'})",0.30071184675039064,0.45291972915099254,0.15105040800972278,0.5023094688221709,1.1090474459210695,1.0,0.014852079827041065,1.0992378527963815,0.14060773139044963,0.25067230119093353,0.0902787804695113,0.41790658720944984
"frozenset({'alloy_speed, meter/minute_2.0', 'cast_in_row_Low'})","frozenset({'slag_weight_close_grab1, tonn_1.8'})",0.30071184675039064,1.0,0.30071184675039064,1.0,1.0,1.0,0.0,inf,0.0,0.30071184675039064,0.0,0.6503559233751953
"frozenset({'cast_in_row_Low', 'slag_weight_close_grab1, tonn_1.8'})","frozenset({'alloy_speed, meter/minute_2.0'})",0.34608484287285146,0.8727935644423868,0.30071184675039064,0.8688963210702341,0.995534747813313,1.0,-0.0013487768600887184,0.9702735773399578,-0.006812389299689021,0.32751339426410336,-0.030637155699466057,0.6067179039208341
frozenset({'cast_in_row_Low'}),"frozenset({'alloy_speed, meter/minute_2.0', 'slag_weight_close_grab1, tonn_1.8'})",0.34608484287285146,0.8727935644423868,0.30071184675039064,0.8688963210702341,0.995534747813313,1.0,-0.0013487768600887184,0.9702735773399578,-0.006812389299689021,0.32751339426410336,-0.030637155699466057,0.6067179039208341
"frozenset({'alloy_speed, meter/minute_2.0', 'cast_in_row_Low'})",frozenset({'kind_B 789/BC'}),0.30071184675039064,0.9997106314022802,0.30071184675039064,1.0,1.000289452356142,1.0,8.70165654118793e-05,inf,0.0004138045187453197,0.3007988885029524,1.0,0.6503994442514762
"frozenset({'kind_B 789/BC', 'cast_in_row_Low'})","frozenset({'alloy_speed, meter/minute_2.0'})",0.34608484287285146,0.8727935644423868,0.30071184675039064,0.8688963210702341,0.995534747813313,1.0,-0.0013487768600887184,0.9702735773399578,-0.006812389299689021,0.32751339426410336,-0.030637155699466057,0.6067179039208341
frozenset({'cast_in_row_Low'}),"frozenset({'alloy_speed, meter/minute_2.0', 'kind_B 789/BC'})",0.34608484287285146,0.872504195844667,0.30071184675039064,0.8688963210702341,0.99586491985756,1.0,-0.0012486307744145608,0.9724807510827693,-0.006309763990630302,0.3276166456494325,-0.0282979883011468,0.6067750376908613
"frozenset({'alloy_speed, meter/minute_2.0', 'cast_in_row_Low'})","frozenset({'metal_residue_grab1, tonn_0.4'})",0.30071184675039064,0.9993633890850165,0.3003646044331269,0.9988452655889145,0.9994815464507096,1.0,-0.0001558058733576173,0.5513050523756574,-0.0007412366194028299,0.30045154567558174,-0.8138778081043293,0.6497006036075219
"frozenset({'metal_residue_grab1, tonn_0.4', 'cast_in_row_Low'})","frozenset({'alloy_speed, meter/minute_2.0'})",0.3457376005555877,0.8727935644423868,0.3003646044331269,0.8687646468028121,0.9953838825081751,1.0,-0.0013929483175426083,0.9693000587004857,-0.0070382840859579115,0.3271352032776552,-0.03167227838681125,0.6064531409864468
frozenset({'cast_in_row_Low'}),"frozenset({'alloy_speed, meter/minute_2.0', 'metal_residue_grab1, tonn_0.4'})",0.34608484287285146,0.8721569535274032,0.3003646044331269,0.8678929765886286,0.9951109981735179,1.0,-0.0014756977888692457,0.9677233138052255,-0.0074572123001098315,0.32723833543505676,-0.03335321753059557,0.6061429050162785
"frozenset({'alloy_speed, meter/minute_2.0', 'cast_in_row_Low'})",frozenset({'alloy_type_open'}),0.30071184675039064,0.989698477921176,0.29544533827189073,0.9824865280985373,0.9927129828088782,1.0,-0.0021687187498368177,0.5882055903469143,-0.010388069438593953,0.2969404374127501,-0.7000858482324451,0.6405035412260419
"frozenset({'cast_in_row_Low', 'alloy_type_open'})","frozenset({'alloy_speed, meter/minute_2.0'})",0.3364199317090109,0.8727935644423868,0.29544533827189073,0.8782040254601755,1.006199015710256,1.0,0.0018201869261187942,1.0444223303621554,0.00928422198885348,0.3233263664576604,0.042532918983790635,0.6083547148055469
frozenset({'cast_in_row_Low'}),"frozenset({'alloy_speed, meter/minute_2.0', 'alloy_type_open'})",0.34608484287285146,0.8668904450489033,0.29544533827189073,0.8536789297658862,0.9847598789922389,1.0,-0.004572305190835235,0.9097087298372087,-0.02311948274004981,0.32200075690677427,-0.09925294459793602,0.5972446988772018
"frozenset({'residuals_grab2, tonn_4.0', 'cast_in_row_Low'})","frozenset({'alloy_speed, meter/minute_2.0'})",0.34411713640835695,0.8727935644423868,0.2990913826031599,0.8691557349478642,0.9958319703046313,1.0,-0.0012518394683969647,0.9721972568452045,-0.006340972040336462,0.32587174475061487,-0.028597841599569865,0.605919290456493
"frozenset({'alloy_speed, meter/minute_2.0', 'cast_in_row_Low'})","frozenset({'residuals_grab2, tonn_4.0'})",0.30071184675039064,0.9745355634006597,0.2990913826031599,0.9946112394149347,1.0206002497684339,1.0,0.006036993609015162,4.725471877506245,0.0288642744238832,0.306397106776546,0.7883809223878555,0.6507589126583552
frozenset({'cast_in_row_Low'}),"frozenset({'residuals_grab2, tonn_4.0', 'alloy_speed, meter/minute_2.0'})",0.34608484287285146,0.8502228138202442,0.2990913826031599,0.8642140468227425,1.0164559604553922,1.0,0.00484215367526708,1.103038883442044,0.02475786919963612,0.333354834548152,0.09341364569171856,0.6079970240920601
"frozenset({'crystallizer_movement, mm_Low', 'cast_in_row_Low'})","frozenset({'slag_weight_close_grab1, tonn_1.8'})",0.23004803518722147,1.0,0.23004803518722147,1.0,1.0,1.0,0.0,inf,0.0,0.2300480351872215,0.0,0.6150240175936107
"frozenset({'cast_in_row_Low', 'slag_weight_close_grab1, tonn_1.8'})","frozenset({'crystallizer_movement, mm_Low'})",0.34608484287285146,0.6223161062561491,0.23004803518722147,0.6647157190635451,1.068131954775318,1.0,0.014673863336317372,1.126458695555226,0.09754489321423758,0.3115692114751528,0.11226216820395277,0.5171899993997164
frozenset({'cast_in_row_Low'}),"frozenset({'crystallizer_movement, mm_Low', 'slag_weight_close_grab1, tonn_1.8'})",0.34608484287285146,0.6223161062561491,0.23004803518722147,0.6647157190635451,1.068131954775318,1.0,0.014673863336317372,1.126458695555226,0.09754489321423758,0.3115692114751528,0.11226216820395277,0.5171899993997164
"frozenset({'crystallizer_movement, mm_Low', 'cast_in_row_Low'})",frozenset({'kind_B 789/BC'}),0.23004803518722147,0.9997106314022802,0.23004803518722147,1.0,1.000289452356142,1.0,6.65686773503038e-05,inf,0.00037582681900173606,0.2301146231330323,1.0,0.6150573115665161
"frozenset({'kind_B 789/BC', 'cast_in_row_Low'})","frozenset({'crystallizer_movement, mm_Low'})",0.34608484287285146,0.6223161062561491,0.23004803518722147,0.6647157190635451,1.068131954775318,1.0,0.014673863336317372,1.126458695555226,0.09754489321423758,0.3115692114751528,0.11226216820395277,0.5171899993997164
frozenset({'cast_in_row_Low'}),"frozenset({'crystallizer_movement, mm_Low', 'kind_B 789/BC'})",0.34608484287285146,0.6223161062561491,0.23004803518722147,0.6647157190635451,1.068131954775318,1.0,0.014673863336317372,1.126458695555226,0.09754489321423758,0.3115692114751528,0.11226216820395277,0.5171899993997164
"frozenset({'metal_residue_grab1, tonn_0.4', 'cast_in_row_Low'})","frozenset({'crystallizer_movement, mm_Low'})",0.3457376005555877,0.6223161062561491,0.22970079286995776,0.6643789755607633,1.0675908415060382,1.0,0.014542715505860615,1.1253284694392844,0.09676784108240907,0.31109891832575637,0.11137056676592541,0.5167426357390908
"frozenset({'crystallizer_movement, mm_Low', 'cast_in_row_Low'})","frozenset({'metal_residue_grab1, tonn_0.4'})",0.23004803518722147,0.9993633890850165,0.22970079286995776,0.9984905660377359,0.9991266209500833,1.0,-0.00020079122709301678,0.4217547311765546,-0.0011340333434063346,0.22976728030566168,-1.3710463121784895,0.6141688410452751
frozenset({'cast_in_row_Low'}),"frozenset({'crystallizer_movement, mm_Low', 'metal_residue_grab1, tonn_0.4'})",0.34608484287285146,0.6219688639388854,0.22970079286995776,0.6637123745819398,1.0671151130921501,1.0,0.014446796321862687,1.1241303797341944,0.09618063757283823,0.31109891832575637,0.11042347219861245,0.5165123704118408
"frozenset({'alloy_speed, meter/minute_2.0', 'cast_in_row_Low'})","frozenset({'crystallizer_movement, mm_Low'})",0.30071184675039064,0.6223161062561491,0.22530239018461717,0.7492301770592764,1.2039382711250104,1.0,0.03816456460981826,1.506097860240253,0.24223580803033337,0.3229097544790976,0.33603252059565386,0.5556343389713754
"frozenset({'crystallizer_movement, mm_Low', 'cast_in_row_Low'})","frozenset({'alloy_speed, meter/minute_2.0'})",0.23004803518722147,0.8727935644423868,0.22530239018461717,0.97937106918239,1.1221107820703213,1.0,0.02451794556059453,6.16640952855506,0.14133660196794626,0.2567433885115083,0.8378310757063318,0.618755224930032
frozenset({'cast_in_row_Low'}),"frozenset({'alloy_speed, meter/minute_2.0', 'crystallizer_movement, mm_Low'})",0.34608484287285146,0.6138665432027316,0.22530239018461717,0.6510033444816054,1.0604965390117527,1.0,0.01285248403539932,1.1064101924521634,0.08723682882083796,0.3066803214116906,0.09617607753262283,0.5090125612763452
"frozenset({'crystallizer_movement, mm_Low', 'cast_in_row_Low'})",frozenset({'doc_requirement_DOC 34028-2016'}),0.23004803518722147,0.7953006539730308,0.1916198854100353,0.8329559748427673,1.0473472776384933,1.0,0.008662532580427262,1.225421536833136,0.05871386546021918,0.22983479105928084,0.1839542802680735,0.536948079111094
"frozenset({'cast_in_row_Low', 'doc_requirement_DOC 34028-2016'})","frozenset({'crystallizer_movement, mm_Low'})",0.2555703455061057,0.6223161062561491,0.1916198854100353,0.7497735507246376,1.2048114184851682,1.0,0.032574343120136906,1.5093683934595883,0.22835547339216594,0.2792207792207792,0.33747122019169673,0.5288438106082967
frozenset({'cast_in_row_Low'}),"frozenset({'crystallizer_movement, mm_Low', 'doc_requirement_DOC 34028-2016'})",0.34608484287285146,0.5543144857920018,0.1916198854100353,0.5536789297658863,0.998853437818412,1.0,-0.00021995630743509853,0.9985760116012848,-0.0017523173089597599,0.27035192291989874,-0.0014260190332749437,0.44968348242313944
"frozenset({'residuals_grab2, tonn_4.0', 'cast_in_row_Low'})","frozenset({'crystallizer_movement, mm_Low'})",0.34411713640835695,0.6223161062561491,0.2284854447595347,0.6639757820383452,1.0669429496736322,1.0,0.014335808333869882,1.1239781942947638,0.0956615387668742,0.30962277468433846,0.11030302449288482,0.5155645672955605
"frozenset({'crystallizer_movement, mm_Low', 'cast_in_row_Low'})","frozenset({'residuals_grab2, tonn_4.0'})",0.23004803518722147,0.9745355634006597,0.2284854447595347,0.9932075471698114,1.0191598793008594,1.0,0.004295453179141012,3.7489309437918132,0.02441669164563258,0.23408039843472075,0.7332572898799353,0.61383163747231
frozenset({'cast_in_row_Low'}),"frozenset({'residuals_grab2, tonn_4.0', 'crystallizer_movement, mm_Low'})",0.34608484287285146,0.6033335262457318,0.2284854447595347,0.660200668896321,1.094254902432569,1.0,0.0196808561288572,1.1673550753201396,0.13172373701737053,0.31693024002568837,0.14336261421936553,0.519452852433772
"frozenset({'workpiece_slice_geometry_180x180', 'cast_in_row_Low'})","frozenset({'crystallizer_movement, mm_Low'})",0.2949823485155391,0.6223161062561491,0.22188784073152382,0.7522071806945262,1.2087220194569626,1.0,0.038315574189039164,1.5241922457738781,0.24492992174759998,0.31907456724367506,0.3439147832088137,0.5543794203481931
"frozenset({'crystallizer_movement, mm_Low', 'cast_in_row_Low'})",frozenset({'workpiece_slice_geometry_180x180'}),0.23004803518722147,0.8681057931593263,0.22188784073152382,0.9645283018867925,1.1110723018867925,1.0,0.022181808680576315,3.718294129018997,0.12983740284964965,0.2532197344957401,0.7310594683202667,0.6100641509433963
frozenset({'cast_in_row_Low'}),"frozenset({'workpiece_slice_geometry_180x180', 'crystallizer_movement, mm_Low'})",0.34608484287285146,0.6114937207014295,0.22188784073152382,0.6411371237458193,1.0484770358890794,1.0,0.010259132484834288,1.0826037046623724,0.07070591231846932,0.3016047828823159,0.07630096249128736,0.5019995669836422
"frozenset({'cast_in_row_Low', 'alloy_type_open'})","frozenset({'crystallizer_movement, mm_Low'})",0.3364199317090109,0.6223161062561491,0.22049887146246888,0.6554274901083778,1.0532066959530046,1.0,0.011139329494357642,1.096094096022469,0.0761306164568258,0.29868297271872063,0.08766956812483286,0.5048736074181803
"frozenset({'crystallizer_movement, mm_Low', 'cast_in_row_Low'})",frozenset({'alloy_type_open'}),0.23004803518722147,0.989698477921176,0.22049887146246888,0.9584905660377359,0.968467252825334,1.0,-0.007179318811081359,0.24817303189894077,-0.04057192908238381,0.22066489053631413,-3.0294466822132904,0.5906422773466851
frozenset({'cast_in_row_Low'}),"frozenset({'crystallizer_movement, mm_Low', 'alloy_type_open'})",0.34608484287285146,0.612130331616413,0.22049887146246888,0.6371237458193979,1.04083021688696,1.0,0.00864984182729614,1.0688758603381796,0.059990211197934136,0.2988938573782067,0.06443766099871337,0.49866965394401874
"frozenset({'crystallizer_movement, mm_Low', 'cast_in_row_Low'})",frozenset({'steel_type_Arm500'}),0.23004803518722147,0.7896869031772672,0.1915041379709474,0.8324528301886793,1.05415554802713,1.0,0.009838217481935474,1.2552470868924375,0.0667228555587479,0.23122073929145415,0.20334409819212718,0.5374796213970147
"frozenset({'cast_in_row_Low', 'steel_type_Arm500'})","frozenset({'crystallizer_movement, mm_Low'})",0.2541235025175068,0.6223161062561491,0.1915041379709474,0.7535868822591665,1.2109390624529097,1.0,0.03335898937607787,1.5327264116721344,0.2335435082058056,0.2795944233206591,0.34756784225500115,0.530657479072483
frozenset({'cast_in_row_Low'}),"frozenset({'crystallizer_movement, mm_Low', 'steel_type_Arm500'})",0.34608484287285146,0.5500318305457492,0.1915041379709474,0.5533444816053511,1.0060226533731966,1.0,0.0011464583214549073,1.0074165680780305,0.009155007499520102,0.27178644763860366,0.007361967544548022,0.4507568367622715
"frozenset({'workpiece_slice_geometry_180x180', 'cast_in_row_Low'})","frozenset({'slag_weight_close_grab1, tonn_1.8'})",0.2949823485155391,1.0,0.2949823485155391,1.0,1.0,1.0,0.0,inf,0.0,0.2949823485155391,0.0,0.6474911742577696
"frozenset({'cast_in_row_Low', 'slag_weight_close_grab1, tonn_1.8'})",frozenset({'workpiece_slice_geometry_180x180'}),0.34608484287285146,0.8681057931593263,0.2949823485155391,0.8523411371237458,0.9818401672240803,1.0,-0.0054559085070184365,0.8932359647873482,-0.02750656282326527,0.3209091481458163,-0.11952500730091967,0.5960705685618729
frozenset({'cast_in_row_Low'}),"frozenset({'workpiece_slice_geometry_180x180', 'slag_weight_close_grab1, tonn_1.8'})",0.34608484287285146,0.8681057931593263,0.2949823485155391,0.8523411371237458,0.9818401672240803,1.0,-0.0054559085070184365,0.8932359647873482,-0.02750656282326527,0.3209091481458163,-0.11952500730091967,0.5960705685618729
"frozenset({'workpiece_slice_geometry_180x180', 'cast_in_row_Low'})",frozenset({'kind_B 789/BC'}),0.2949823485155391,0.9997106314022802,0.2949823485155391,1.0,1.000289452356142,1.0,8.535862854203158e-05,inf,0.0004104416351994936,0.29506773185133733,1.0,0.6475338659256686
"frozenset({'kind_B 789/BC', 'cast_in_row_Low'})",frozenset({'workpiece_slice_geometry_180x180'}),0.34608484287285146,0.8681057931593263,0.2949823485155391,0.8523411371237458,0.9818401672240803,1.0,-0.0054559085070184365,0.8932359647873482,-0.02750656282326527,0.3209091481458163,-0.11952500730091967,0.5960705685618729
frozenset({'cast_in_row_Low'}),"frozenset({'workpiece_slice_geometry_180x180', 'kind_B 789/BC'})",0.34608484287285146,0.8678164245616066,0.2949823485155391,0.8523411371237458,0.9821675564095501,1.0,-0.005355762421344223,0.8951956751093915,-0.02701530527771212,0.321010202796322,-0.11707420824815934,0.5961272207792787
"frozenset({'workpiece_slice_geometry_180x180', 'cast_in_row_Low'})","frozenset({'metal_residue_grab1, tonn_0.4'})",0.2949823485155391,0.9993633890850165,0.2946351061982754,0.9988228369629193,0.9994591035373107,1.0,-0.0001594533344713156,0.5408009722784156,-0.0007670362254840263,0.2947203890239667,-0.8491091016108216,0.6468228152847952
"frozenset({'metal_residue_grab1, tonn_0.4', 'cast_in_row_Low'})",frozenset({'workpiece_slice_geometry_180x180'}),0.3457376005555877,0.8681057931593263,0.2946351061982754,0.8521928356210244,0.9816693337797121,1.0,-0.005501707757035457,0.8923397414113073,-0.02774851077851638,0.32053138575835805,-0.12064940469693666,0.5957964178105122
frozenset({'cast_in_row_Low'}),"frozenset({'workpiece_slice_geometry_180x180', 'metal_residue_grab1, tonn_0.4'})",0.34608484287285146,0.8674691822443429,0.2946351061982754,0.8513377926421405,0.9814040775944722,1.0,-0.005582829435798964,0.8914896402461526,-0.02816066689598455,0.32063232145106435,-0.1217180266098058,0.5954934343155995
"frozenset({'residuals_grab2, tonn_4.0', 'cast_in_row_Low'})",frozenset({'workpiece_slice_geometry_180x180'}),0.34411713640835695,0.8681057931593263,0.29399849528329186,0.8543558694920955,0.9841610045969279,1.0,-0.004731584358200924,0.9055923254903528,-0.023950093855451552,0.3201815202319425,-0.10424964065207608,0.5965112680793812
